22
0 509 501 312 1019 736 656 60 1039 876 1168 812 776 809 697 586 535 665 1055 1001 1007 306
509 0 126 474 1526 1226 1133 532 1449 1270 1571 1016 983 1006 916 839 416 635 1360 1304 1309 601
501 126 0 541 1516 1214 1120 515 1440 1259 1560 1001 968 990 902 828 389 603 1347 1290 1296 586
312 474 541 0 1157 908 814 281 1158 1014 1305 721 687 710 620 517 542 254 1133 1079 1084 355
1019 1526 1516 1157 0 357 491 1038 481 562 601 970 1013 990 984 1134 1528 1258 557 582 579 1093
736 1226 1214 908 357 0 146 758 609 460 709 637 674 653 615 767 1181 913 453 470 466 787
656 1133 1120 814 491 146 0 682 581 412 643 572 608 587 549 701 1097 833 389 406 401 714
60 532 515 281 1038 758 682 0 1051 889 1194 828 792 825 713 601 568 685 1068 1014 1020 323
1039 1449 1440 1158 481 609 581 1051 0 201 116 1013 1053 1032 1025 1180 1470 1249 160 184 181 1076
876 1270 1259 1014 562 460 412 889 201 0 316 808 846 825 820 970 1289 1092 130 147 144 915
1168 1571 1560 1305 601 709 643 1194 116 316 0 1164 1203 1182 1175 1325 1591 1370 292 306 303 1218
812 1016 1001 721 970 637 572 828 1013 808 1164 0 38 20 105 251 692 433 939 887 893 753
776 983 968 687 1013 674 608 792 1053 846 1203 38 0 22 140 286 724 465 979 927 933 717
809 1006 990 710 990 653 587 825 1032 825 1182 20 22 0 119 264 703 444 958 906 912 750
697 916 902 620 984 615 549 713 1025 820 1175 105 140 119 0 154 596 341 938 886 892 644
586 839 828 517 1134 767 701 601 1180 970 1325 251 286 264 154 0 487 241 1085 1033 1039 548
535 416 389 542 1528 1181 1097 568 1470 1289 1591 692 724 703 596 487 0 273 1374 1319 1325 588
665 635 603 254 1258 913 833 685 1249 1092 1370 433 465 444 341 241 273 0 1153 1098 1104 410
1055 1360 1347 1133 557 453 389 1068 160 130 292 939 979 958 938 1085 1374 1153 0 24 21 1052
1001 1304 1290 1079 582 470 406 1014 184 147 306 887 927 906 886 1033 1319 1098 24 0 6 998
1007 1309 1296 1084 579 466 401 1020 181 144 303 893 933 912 892 1039 1325 1104 21 6 0 1004
306 601 586 355 1093 787 714 323 1076 915 1218 753 717 750 644 548 588 410 1052 998 1004 0